   8    8
   1   1
     4.931298309735486     0.000000000000000    -0.000000000000000
    -0.000000000000000     4.931298309735487    -0.000000000000000
    -0.000000000000000    -0.000000000000000     4.931298309735485
   1   2
    -2.725034703931399     0.000000000028844     0.000000000020396
     0.000000000028844     0.066612438639189     0.048772359757294
     0.000000000020396     0.048772359757294     0.032125172321922
   1   3
    -0.631299347026995    -1.208818671949217     0.042238102547930
    -1.208818671949217    -2.027122918263550    -0.024386179885091
     0.042238102547930    -0.024386179885090     0.032125172320257
   1   4
    -0.631299346978864     1.208818671920373    -0.042238102538852
     1.208818671920373    -2.027122918312898    -0.024386179901677
    -0.042238102538852    -0.024386179901677     0.032125172321476
   1   5
    -0.631299347026994    -0.363117092318293    -1.153764541068161
    -0.363117092318294    -0.212007844982255    -0.666126268331177
    -1.153764541068161    -0.666126268331177    -1.782989900961038
   1   6
    -0.631299346978865     0.363117092317237     1.153764541037941
     0.363117092317238    -0.212007844997080    -0.666126268359969
     1.153764541037941    -0.666126268359969    -1.782989900994344
   1   7
    -0.002362093997458     0.000000000001056     0.000000000000747
     0.000000000001056    -0.840945098023982     1.332252536720621
     0.000000000000747     1.332252536720621    -1.782989900948846
   1   8
     0.321295876205087     0.000000000000000    -0.000000000000000
     0.000000000000000     0.321295876205088    -0.000000000000000
     0.000000000000000    -0.000000000000000     0.321295876205088
   2   1
    -2.725034703931399     0.000000000028844     0.000000000020396
     0.000000000028844     0.066612438639189     0.048772359757294
     0.000000000020396     0.048772359757294     0.032125172321922
   2   2
     4.931298309735486    -0.000000000000000    -0.000000000000000
    -0.000000000000000     4.931298309735487    -0.000000000000000
    -0.000000000000000    -0.000000000000000     4.931298309735485
   2   3
    -0.631299346978864     1.208818671920373    -0.042238102538852
     1.208818671920373    -2.027122918312898    -0.024386179901677
    -0.042238102538852    -0.024386179901677     0.032125172321476
   2   4
    -0.631299347026995    -1.208818671949217     0.042238102547930
    -1.208818671949217    -2.027122918263550    -0.024386179885091
     0.042238102547930    -0.024386179885090     0.032125172320257
   2   5
    -0.631299346978865     0.363117092317237     1.153764541037941
     0.363117092317238    -0.212007844997080    -0.666126268359969
     1.153764541037941    -0.666126268359969    -1.782989900994344
   2   6
    -0.631299347026994    -0.363117092318293    -1.153764541068161
    -0.363117092318294    -0.212007844982255    -0.666126268331177
    -1.153764541068161    -0.666126268331177    -1.782989900961038
   2   7
     0.321295876205087     0.000000000000000    -0.000000000000000
     0.000000000000000     0.321295876205088    -0.000000000000000
     0.000000000000000    -0.000000000000000     0.321295876205088
   2   8
    -0.002362093997458     0.000000000001056     0.000000000000747
     0.000000000001056    -0.840945098023982     1.332252536720621
     0.000000000000747     1.332252536720621    -1.782989900948846
   3   1
    -0.631299347026995    -1.208818671949217     0.042238102547930
    -1.208818671949217    -2.027122918263550    -0.024386179885091
     0.042238102547930    -0.024386179885090     0.032125172320257
   3   2
    -0.631299346978864     1.208818671920373    -0.042238102538852
     1.208818671920373    -2.027122918312898    -0.024386179901677
    -0.042238102538852    -0.024386179901677     0.032125172321476
   3   3
     4.931298309735486    -0.000000000000000    -0.000000000000000
    -0.000000000000000     4.931298309735487    -0.000000000000000
    -0.000000000000000    -0.000000000000000     4.931298309735485
   3   4
    -2.725034703931399     0.000000000028844     0.000000000020396
     0.000000000028844     0.066612438639189     0.048772359757294
     0.000000000020396     0.048772359757294     0.032125172321922
   3   5
    -0.002362093997458     0.000000000001056     0.000000000000747
     0.000000000001056    -0.840945098023982     1.332252536720621
     0.000000000000747     1.332252536720621    -1.782989900948846
   3   6
     0.321295876205087     0.000000000000000    -0.000000000000000
     0.000000000000000     0.321295876205088    -0.000000000000000
     0.000000000000000    -0.000000000000000     0.321295876205088
   3   7
    -0.631299347026994    -0.363117092318293    -1.153764541068161
    -0.363117092318294    -0.212007844982255    -0.666126268331177
    -1.153764541068161    -0.666126268331177    -1.782989900961038
   3   8
    -0.631299346978865     0.363117092317237     1.153764541037941
     0.363117092317238    -0.212007844997080    -0.666126268359969
     1.153764541037941    -0.666126268359969    -1.782989900994344
   4   1
    -0.631299346978864     1.208818671920373    -0.042238102538852
     1.208818671920373    -2.027122918312898    -0.024386179901677
    -0.042238102538852    -0.024386179901677     0.032125172321476
   4   2
    -0.631299347026995    -1.208818671949217     0.042238102547930
    -1.208818671949217    -2.027122918263550    -0.024386179885091
     0.042238102547930    -0.024386179885090     0.032125172320257
   4   3
    -2.725034703931399     0.000000000028844     0.000000000020396
     0.000000000028844     0.066612438639189     0.048772359757294
     0.000000000020396     0.048772359757294     0.032125172321922
   4   4
     4.931298309735486    -0.000000000000000    -0.000000000000000
    -0.000000000000000     4.931298309735487    -0.000000000000000
    -0.000000000000000    -0.000000000000000     4.931298309735485
   4   5
     0.321295876205087     0.000000000000000    -0.000000000000000
     0.000000000000000     0.321295876205088    -0.000000000000000
     0.000000000000000    -0.000000000000000     0.321295876205088
   4   6
    -0.002362093997458     0.000000000001056     0.000000000000747
     0.000000000001056    -0.840945098023982     1.332252536720621
     0.000000000000747     1.332252536720621    -1.782989900948846
   4   7
    -0.631299346978865     0.363117092317237     1.153764541037941
     0.363117092317238    -0.212007844997080    -0.666126268359969
     1.153764541037941    -0.666126268359969    -1.782989900994344
   4   8
    -0.631299347026994    -0.363117092318293    -1.153764541068161
    -0.363117092318294    -0.212007844982255    -0.666126268331177
    -1.153764541068161    -0.666126268331177    -1.782989900961038
   5   1
    -0.631299347026994    -0.363117092318293    -1.153764541068161
    -0.363117092318294    -0.212007844982255    -0.666126268331177
    -1.153764541068161    -0.666126268331177    -1.782989900961038
   5   2
    -0.631299346978865     0.363117092317237     1.153764541037941
     0.363117092317238    -0.212007844997080    -0.666126268359969
     1.153764541037941    -0.666126268359969    -1.782989900994344
   5   3
    -0.002362093997458     0.000000000001056     0.000000000000747
     0.000000000001056    -0.840945098023982     1.332252536720621
     0.000000000000747     1.332252536720621    -1.782989900948846
   5   4
     0.321295876205087     0.000000000000000    -0.000000000000000
     0.000000000000000     0.321295876205088    -0.000000000000000
     0.000000000000000    -0.000000000000000     0.321295876205088
   5   5
     4.931298309735486    -0.000000000000000    -0.000000000000000
    -0.000000000000000     4.931298309735487    -0.000000000000000
    -0.000000000000000    -0.000000000000000     4.931298309735485
   5   6
    -2.725034703931399     0.000000000028844     0.000000000020396
     0.000000000028844     0.066612438639189     0.048772359757294
     0.000000000020396     0.048772359757294     0.032125172321922
   5   7
    -0.631299347026995    -1.208818671949217     0.042238102547930
    -1.208818671949217    -2.027122918263550    -0.024386179885091
     0.042238102547930    -0.024386179885090     0.032125172320257
   5   8
    -0.631299346978864     1.208818671920373    -0.042238102538852
     1.208818671920373    -2.027122918312898    -0.024386179901677
    -0.042238102538852    -0.024386179901677     0.032125172321476
   6   1
    -0.631299346978865     0.363117092317237     1.153764541037941
     0.363117092317238    -0.212007844997080    -0.666126268359969
     1.153764541037941    -0.666126268359969    -1.782989900994344
   6   2
    -0.631299347026994    -0.363117092318293    -1.153764541068161
    -0.363117092318294    -0.212007844982255    -0.666126268331177
    -1.153764541068161    -0.666126268331177    -1.782989900961038
   6   3
     0.321295876205087     0.000000000000000    -0.000000000000000
     0.000000000000000     0.321295876205088    -0.000000000000000
     0.000000000000000    -0.000000000000000     0.321295876205088
   6   4
    -0.002362093997458     0.000000000001056     0.000000000000747
     0.000000000001056    -0.840945098023982     1.332252536720621
     0.000000000000747     1.332252536720621    -1.782989900948846
   6   5
    -2.725034703931399     0.000000000028844     0.000000000020396
     0.000000000028844     0.066612438639189     0.048772359757294
     0.000000000020396     0.048772359757294     0.032125172321922
   6   6
     4.931298309735486    -0.000000000000000    -0.000000000000000
    -0.000000000000000     4.931298309735487    -0.000000000000000
    -0.000000000000000    -0.000000000000000     4.931298309735485
   6   7
    -0.631299346978864     1.208818671920373    -0.042238102538852
     1.208818671920373    -2.027122918312898    -0.024386179901677
    -0.042238102538852    -0.024386179901677     0.032125172321476
   6   8
    -0.631299347026995    -1.208818671949217     0.042238102547930
    -1.208818671949217    -2.027122918263550    -0.024386179885091
     0.042238102547930    -0.024386179885090     0.032125172320257
   7   1
    -0.002362093997458     0.000000000001056     0.000000000000747
     0.000000000001056    -0.840945098023982     1.332252536720621
     0.000000000000747     1.332252536720621    -1.782989900948846
   7   2
     0.321295876205087     0.000000000000000    -0.000000000000000
     0.000000000000000     0.321295876205088    -0.000000000000000
     0.000000000000000    -0.000000000000000     0.321295876205088
   7   3
    -0.631299347026994    -0.363117092318293    -1.153764541068161
    -0.363117092318294    -0.212007844982255    -0.666126268331177
    -1.153764541068161    -0.666126268331177    -1.782989900961038
   7   4
    -0.631299346978865     0.363117092317237     1.153764541037941
     0.363117092317238    -0.212007844997080    -0.666126268359969
     1.153764541037941    -0.666126268359969    -1.782989900994344
   7   5
    -0.631299347026995    -1.208818671949217     0.042238102547930
    -1.208818671949217    -2.027122918263550    -0.024386179885091
     0.042238102547930    -0.024386179885090     0.032125172320257
   7   6
    -0.631299346978864     1.208818671920373    -0.042238102538852
     1.208818671920373    -2.027122918312898    -0.024386179901677
    -0.042238102538852    -0.024386179901677     0.032125172321476
   7   7
     4.931298309735486    -0.000000000000000    -0.000000000000000
    -0.000000000000000     4.931298309735487    -0.000000000000000
    -0.000000000000000    -0.000000000000000     4.931298309735485
   7   8
    -2.725034703931399     0.000000000028844     0.000000000020396
     0.000000000028844     0.066612438639189     0.048772359757294
     0.000000000020396     0.048772359757294     0.032125172321922
   8   1
     0.321295876205087     0.000000000000000    -0.000000000000000
     0.000000000000000     0.321295876205088    -0.000000000000000
     0.000000000000000    -0.000000000000000     0.321295876205088
   8   2
    -0.002362093997458     0.000000000001056     0.000000000000747
     0.000000000001056    -0.840945098023982     1.332252536720621
     0.000000000000747     1.332252536720621    -1.782989900948846
   8   3
    -0.631299346978865     0.363117092317237     1.153764541037941
     0.363117092317238    -0.212007844997080    -0.666126268359969
     1.153764541037941    -0.666126268359969    -1.782989900994344
   8   4
    -0.631299347026994    -0.363117092318293    -1.153764541068161
    -0.363117092318294    -0.212007844982255    -0.666126268331177
    -1.153764541068161    -0.666126268331177    -1.782989900961038
   8   5
    -0.631299346978864     1.208818671920373    -0.042238102538852
     1.208818671920373    -2.027122918312898    -0.024386179901677
    -0.042238102538852    -0.024386179901677     0.032125172321476
   8   6
    -0.631299347026995    -1.208818671949217     0.042238102547930
    -1.208818671949217    -2.027122918263550    -0.024386179885091
     0.042238102547930    -0.024386179885090     0.032125172320257
   8   7
    -2.725034703931399     0.000000000028844     0.000000000020396
     0.000000000028844     0.066612438639189     0.048772359757294
     0.000000000020396     0.048772359757294     0.032125172321922
   8   8
     4.931298309735486    -0.000000000000000    -0.000000000000000
    -0.000000000000000     4.931298309735487    -0.000000000000000
    -0.000000000000000    -0.000000000000000     4.931298309735485
